MSE: [1698.75363451 1692.68279091 1563.08062659]
R2: [0.36650711 0.40964637 0.30631456]
