MSE: [1695.11046211 1696.32315154 1560.51089047]
R2: [0.36786571 0.40840894 0.3074582 ]
