MSE: [1697.62639362 1690.78126677 1559.09900204]
R2: [0.36692748 0.41046086 0.30808342]
