MSE: [1693.24158219 1690.52170093 1560.02339598]
R2: [0.36856264 0.41049136 0.30766916]
