MSE: [1694.45053289 1693.07858312 1562.78045636]
R2: [0.36811181 0.4094874  0.30644487]
