MSE: [1694.76353954 1695.45140952 1562.52387928]
R2: [0.36799508 0.40899069 0.30656335]
