MSE: [1691.94216119 1695.63131196 1562.64492615]
R2: [0.36904722 0.40862492 0.30650716]
