MSE: [1694.82321695 1691.3538214  1560.45156184]
R2: [0.36797283 0.41004249 0.30747991]
