MSE: [1698.87218275 1694.34690114 1561.88891591]
R2: [0.3664629  0.40897001 0.30684665]
