MSE: [1693.61346841 1693.05410931 1560.75527632]
R2: [0.36842396 0.40966542 0.30734647]
