MSE: [1690.0666695  1688.68748335 1563.89384398]
R2: [0.36974662 0.41094074 0.3060587 ]
