MSE: [1696.14691357 1694.14285588 1561.90149969]
R2: [0.3674792  0.40920603 0.30683805]
