MSE: [1694.0815586  1689.33474209 1561.22312844]
R2: [0.3682494  0.41109131 0.30713787]
