MSE: [1694.75633999 1695.89268712 1560.39667998]
R2: [0.36799777 0.40834573 0.30750521]
