MSE: [1697.30425424 1691.20386092 1561.46176873]
R2: [0.36704761 0.41006759 0.30703123]
