MSE: [1695.57748112 1691.52439217 1561.62648645]
R2: [0.36769155 0.40992196 0.3069603 ]
