MSE: [1693.42843325 1691.16731099 1560.86406797]
R2: [0.36849296 0.41003003 0.30729609]
