MSE: [1695.88278826 1690.31568894 1561.16749379]
R2: [0.36757769 0.41023075 0.3071668 ]
