MSE: [1697.10963975 1694.45024722 1560.08368687]
R2: [0.36712018 0.40903774 0.30764079]
