MSE: [1692.34455194 1699.48982461 1562.13902101]
R2: [0.36889716 0.40724565 0.30674079]
