MSE: [1694.01816567 1689.1874271  1558.31734149]
R2: [0.36827304 0.41066714 0.30842671]
