MSE: [1691.89958963 1695.81321908 1563.64153868]
R2: [0.36906309 0.40859309 0.30606828]
