MSE: [1693.56397148 1692.24618286 1562.05460538]
R2: [0.36844242 0.40979641 0.30677067]
