MSE: [1693.71666335 1692.44538693 1560.98355248]
R2: [0.36838548 0.40958235 0.30724626]
