MSE: [1689.32374308 1691.00942035 1560.03875687]
R2: [0.37002367 0.41025791 0.30766299]
