MSE: [1694.38270272 1692.79775265 1562.523749  ]
R2: [0.3681371  0.40976006 0.30656325]
