MSE: [1706.14788946 1694.85199036 1563.9182988 ]
R2: [0.36374967 0.40885265 0.30594625]
