MSE: [1688.19972706 1696.06943528 1562.09396004]
R2: [0.37044283 0.40851896 0.30675444]
