MSE: [1694.10680372 1689.68870354 1560.68432   ]
R2: [0.36823999 0.41086265 0.30737449]
