MSE: [1688.78768258 1692.10527096 1562.17919522]
R2: [0.37022357 0.40970681 0.30671496]
