MSE: [1693.31929475 1692.1801027  1560.66963828]
R2: [0.36853366 0.40983365 0.30738349]
