MSE: [1688.57595666 1692.21737235 1559.48839892]
R2: [0.37030253 0.40988973 0.30790707]
