MSE: [1690.11592131 1693.4018034  1562.01608718]
R2: [0.36972825 0.40939792 0.30678524]
