MSE: [1699.1177415  1693.26024668 1562.75446309]
R2: [0.36637133 0.40933229 0.30646112]
