MSE: [1691.23969666 1691.67756109 1562.25440336]
R2: [0.36930918 0.41008752 0.30668345]
