MSE: [1696.39562226 1690.52467476 1560.02941595]
R2: [0.36738645 0.41036202 0.3076699 ]
