MSE: [1695.12685484 1695.86592946 1563.69883338]
R2: [0.36785959 0.40849033 0.30603851]
