MSE: [1694.80270609 1692.17311713 1561.02405443]
R2: [0.36798047 0.40985515 0.30722796]
