MSE: [1695.46776062 1690.35997607 1560.4482537 ]
R2: [0.36773246 0.41033254 0.30748285]
