MSE: [1693.70684945 1691.12859771 1562.10260219]
R2: [0.36838914 0.41006317 0.30674997]
