MSE: [1697.9172739  1698.2216977  1562.66117205]
R2: [0.366819   0.40763121 0.30650049]
