MSE: [1697.9086146  1694.38631589 1563.46208299]
R2: [0.36682223 0.40915363 0.3061467 ]
