MSE: [1696.93861033 1694.72025764 1558.97824632]
R2: [0.36718396 0.40897757 0.30813834]
