MSE: [1692.00748558 1692.2787268  1560.13452017]
R2: [0.36902286 0.40988639 0.3076216 ]
