MSE: [1692.19749921 1691.76388953 1559.7847403 ]
R2: [0.368952   0.41008456 0.30777745]
