MSE: [1695.29086845 1690.93502736 1560.28551686]
R2: [0.36779843 0.41004951 0.30755759]
