MSE: [1692.51283178 1690.62371918 1559.37772311]
R2: [0.36883441 0.4102031  0.30795614]
