MSE: [1701.07639347 1691.86407983 1560.36516768]
R2: [0.36564091 0.40962528 0.3075188 ]
