MSE: [1697.01540344 1689.18004852 1560.51253222]
R2: [0.36715532 0.41080169 0.3074549 ]
