MSE: [1690.39826567 1688.91972601 1563.05566726]
R2: [0.36962296 0.41087334 0.30642745]
