MSE: [1696.95496405 1691.65056057 1560.96242138]
R2: [0.36717786 0.40994116 0.30725463]
