MSE: [1690.91955859 1694.43033967 1564.09349822]
R2: [0.36942856 0.40907817 0.30586214]
