MSE: [1690.99955183 1691.98291516 1560.327703  ]
R2: [0.36939873 0.40989106 0.30753726]
