MSE: [1692.54579658 1691.4099803  1560.71536744]
R2: [0.36882211 0.40986325 0.30736319]
