MSE: [1695.36966119 1693.79246945 1561.37550715]
R2: [0.36776905 0.4093354  0.30707187]
