MSE: [1695.46760023 1691.6147453  1561.08042704]
R2: [0.36773252 0.41008153 0.30720285]
