MSE: [1700.66342503 1695.04897999 1562.74799611]
R2: [0.36579492 0.40874494 0.30646296]
