MSE: [1696.92425274 1689.4821382  1560.73617443]
R2: [0.36718932 0.41059214 0.30735474]
