MSE: [1693.91135929 1693.93658128 1560.85329462]
R2: [0.36831287 0.40931035 0.30730155]
