MSE: [1699.64104614 1694.83249489 1562.43408272]
R2: [0.36617618 0.40919875 0.30660267]
