MSE: [1698.68069101 1690.4163692  1561.27274118]
R2: [0.36653431 0.41031029 0.30711867]
