MSE: [1696.74608763 1690.90345361 1560.37339114]
R2: [0.36725576 0.41039731 0.30752077]
