MSE: [1704.31031339 1694.95098788 1562.52885625]
R2: [0.36443493 0.40899752 0.30655932]
