MSE: [1691.32244656 1692.73918751 1562.28924129]
R2: [0.36927832 0.40978499 0.30666878]
