MSE: [1688.98243107 1689.37534606 1563.55408915]
R2: [0.37015095 0.41095459 0.30610316]
