MSE: [1692.17074478 1688.91629551 1558.72556967]
R2: [0.36896198 0.41090818 0.30832726]
