MSE: [1691.62515595 1693.31516052 1561.33270188]
R2: [0.36916543 0.40962881 0.30708863]
