MSE: [1696.71317625 1691.82883309 1559.8799645 ]
R2: [0.36726803 0.41008584 0.30781672]
