MSE: [1694.3006143  1696.25811173 1561.66887899]
R2: [0.36816771 0.40833498 0.30694345]
