MSE: [1696.40942145 1692.63489397 1559.91370408]
R2: [0.3673813  0.40969237 0.30772096]
