MSE: [1693.52225699 1693.64183423 1561.21160113]
R2: [0.36845797 0.4096081  0.30714285]
