MSE: [1692.8090066  1692.12142153 1561.01061283]
R2: [0.36872396 0.40976642 0.30723245]
