MSE: [1696.24064601 1692.1857095  1562.27164576]
R2: [0.36744424 0.40975892 0.30667065]
