MSE: [1694.86108184 1690.66893865 1560.14134456]
R2: [0.36795871 0.41050724 0.3076191 ]
