MSE: [1692.38354059 1694.7532285  1562.3496915 ]
R2: [0.36888262 0.40883812 0.30663656]
