MSE: [1689.47651129 1694.40850411 1561.96390556]
R2: [0.3699667  0.40915124 0.30681124]
