MSE: [1691.41423583 1691.51708953 1561.63666237]
R2: [0.36924409 0.41041601 0.30695512]
