MSE: [1693.82630089 1690.93017218 1562.16361863]
R2: [0.36834459 0.41019336 0.30672   ]
