MSE: [1693.12731278 1693.58742211 1560.74180098]
R2: [0.36860526 0.40932307 0.30735449]
