MSE: [1694.47948437 1696.85957485 1563.91013308]
R2: [0.36810101 0.40829133 0.30594368]
