MSE: [1694.23995786 1695.19601402 1563.86270705]
R2: [0.36819033 0.40877842 0.305964  ]
