MSE: [1694.29794115 1695.32109693 1561.29468348]
R2: [0.36816871 0.40882833 0.30710835]
