MSE: [1698.14499233 1691.24967626 1561.23108213]
R2: [0.36673408 0.41001296 0.30713345]
