MSE: [1704.53439613 1691.88794943 1560.04156441]
R2: [0.36435137 0.40999159 0.3076636 ]
