MSE: [1695.58301946 1691.68506517 1561.33980772]
R2: [0.36768948 0.41019185 0.30708902]
