MSE: [1694.04794301 1693.87282266 1560.25930492]
R2: [0.36826194 0.40934461 0.30756927]
