MSE: [1690.05969075 1690.91755472 1561.22928543]
R2: [0.36974922 0.41032136 0.30713472]
