MSE: [1692.7671356  1691.07063138 1561.53022438]
R2: [0.36873957 0.41020925 0.3070011 ]
