MSE: [1690.05073067 1684.82733862 1560.56060666]
R2: [0.36975256 0.41237074 0.30743076]
