MSE: [1692.58636521 1693.30266807 1558.98111416]
R2: [0.36880698 0.40952014 0.30813521]
