MSE: [1697.06223831 1690.52775424 1561.6460544 ]
R2: [0.36713786 0.41034151 0.30695042]
