MSE: [1692.09994346 1693.39511329 1564.38865694]
R2: [0.36898838 0.4095822  0.3057319 ]
