MSE: [1696.17187399 1695.66812706 1561.86645587]
R2: [0.36746989 0.40864408 0.30690342]
