MSE: [1689.03798683 1691.79186229 1562.03442428]
R2: [0.37013023 0.40992918 0.30677703]
