MSE: [1700.45674635 1694.46274759 1561.56936218]
R2: [0.36587199 0.40923439 0.30698396]
