MSE: [1697.9698677  1691.08551819 1560.38819221]
R2: [0.36679939 0.41026527 0.30750924]
