MSE: [1698.12258707 1690.30249236 1562.73559178]
R2: [0.36674244 0.41038099 0.3064672 ]
