MSE: [1693.74976743 1685.9070474  1561.13088623]
R2: [0.36837313 0.41197235 0.30717996]
