MSE: [1694.30245442 1694.89708633 1562.80456223]
R2: [0.36816703 0.40890913 0.30643455]
