MSE: [1696.28811725 1692.03296397 1559.86436836]
R2: [0.36742654 0.40970636 0.30774466]
