MSE: [1690.68678217 1694.88052717 1560.78219102]
R2: [0.36951537 0.4092466  0.30733449]
