MSE: [1690.93547323 1692.90543345 1562.78717697]
R2: [0.36942263 0.40962595 0.30644293]
