MSE: [1697.82370498 1693.27044816 1563.74340716]
R2: [0.36685389 0.40951387 0.30601904]
