MSE: [1697.23957565 1699.19414872 1564.34614233]
R2: [0.36707173 0.40741811 0.30575292]
