MSE: [1691.45647497 1694.12372946 1563.42031102]
R2: [0.36922834 0.40911338 0.30616391]
