MSE: [1696.76575498 1695.10569595 1562.54800535]
R2: [0.36724842 0.40891601 0.30654953]
