MSE: [1696.12675319 1695.99919025 1562.42444811]
R2: [0.36748672 0.40859032 0.30660795]
