MSE: [1692.15592693 1692.34968394 1561.78765857]
R2: [0.3689675  0.40984125 0.30689199]
