MSE: [1701.92664015 1697.59837316 1562.40738361]
R2: [0.36532384 0.40772303 0.30661668]
