MSE: [1698.44300097 1690.47545627 1562.7188103 ]
R2: [0.36662295 0.41038496 0.30647747]
