MSE: [1692.06328298 1693.58274829 1560.5508009 ]
R2: [0.36900205 0.40942929 0.30743518]
