MSE: [1695.35062009 1694.51585597 1561.13310583]
R2: [0.36777615 0.40902201 0.30717908]
