MSE: [1695.95520407 1694.19985164 1561.20046513]
R2: [0.36755069 0.40926022 0.30715007]
