MSE: [1686.76407925 1695.31656521 1559.87394579]
R2: [0.37097821 0.40908371 0.30773544]
