MSE: [1693.65746495 1688.2251511  1559.00439087]
R2: [0.36840755 0.41138241 0.30812526]
