MSE: [1692.03451851 1697.33099091 1561.59738775]
R2: [0.36901278 0.40792809 0.30697179]
