MSE: [1696.95732572 1694.53031355 1562.00216261]
R2: [0.36717698 0.408972   0.30679055]
