MSE: [1695.09254701 1691.60696053 1563.53253409]
R2: [0.36787239 0.41023392 0.30611241]
