MSE: [1695.23262661 1698.10136686 1562.90965909]
R2: [0.36782015 0.40779131 0.30639094]
