MSE: [1691.974331   1690.89127162 1560.63457548]
R2: [0.36903522 0.41041961 0.30740016]
