MSE: [1697.82560709 1691.90896519 1562.61203253]
R2: [0.36685319 0.40986296 0.30651934]
