MSE: [1691.19313297 1691.85341807 1558.32007139]
R2: [0.36932654 0.40994196 0.30842719]
