MSE: [1696.5769815  1692.45723978 1560.43086069]
R2: [0.36731882 0.40970533 0.30749071]
