MSE: [1692.77803349 1687.57578823 1561.87443035]
R2: [0.36873551 0.41116936 0.3068517 ]
