MSE: [1702.81321294 1691.89806697 1560.07373186]
R2: [0.36499323 0.40976454 0.30775158]
