MSE: [1689.97865712 1695.38623846 1561.65702392]
R2: [0.36977944 0.40877881 0.30694619]
