MSE: [1694.25630914 1694.73740066 1560.49981078]
R2: [0.36818423 0.40894821 0.30745602]
