MSE: [1693.66440963 1691.72625487 1561.47214939]
R2: [0.36840496 0.41000751 0.30702876]
