MSE: [1694.78912651 1689.20065962 1560.05135335]
R2: [0.36798554 0.41090262 0.30765783]
