MSE: [1698.03173601 1695.99686108 1559.60833237]
R2: [0.36677632 0.40832097 0.30785152]
