MSE: [1696.52972393 1694.65768326 1561.79676694]
R2: [0.36733644 0.40895208 0.30688608]
