MSE: [1694.10399169 1695.93101775 1560.66504749]
R2: [0.36824104 0.40871001 0.30738506]
