MSE: [1697.7957798  1694.49927687 1560.72469317]
R2: [0.36686431 0.40899112 0.30735794]
