MSE: [1691.86134886 1693.17357168 1561.96406686]
R2: [0.36907735 0.40967109 0.30680812]
