MSE: [1695.17529086 1692.89853428 1563.30437566]
R2: [0.36784153 0.40968918 0.30621694]
