MSE: [1692.83652247 1692.73832856 1560.6291337 ]
R2: [0.3687137  0.40955527 0.30740069]
