MSE: [1696.60545444 1693.05131817 1561.94380195]
R2: [0.3673082  0.40958192 0.3068171 ]
