MSE: [1696.87445159 1695.29455294 1563.5038616 ]
R2: [0.36720789 0.40880646 0.3061275 ]
