MSE: [1698.86869191 1692.53896828 1561.9079738 ]
R2: [0.3664642  0.40966604 0.30683802]
