MSE: [1697.35316269 1694.06635066 1560.89530097]
R2: [0.36702937 0.40891306 0.30728427]
