MSE: [1695.61657166 1690.24237236 1561.39348367]
R2: [0.36767697 0.41052834 0.30706427]
