MSE: [1692.66758851 1695.93233198 1562.61317772]
R2: [0.36877669 0.40871964 0.30652279]
