MSE: [1693.62531168 1695.22941517 1561.11599942]
R2: [0.36841954 0.40870939 0.30718728]
