MSE: [1698.40824662 1695.86398772 1562.54761044]
R2: [0.36663591 0.40856757 0.30654683]
