MSE: [1696.28868353 1691.75700817 1560.90541233]
R2: [0.36742633 0.41003797 0.30728194]
