MSE: [1695.61951859 1689.66521124 1559.83639949]
R2: [0.36767587 0.41057203 0.30775556]
