MSE: [1695.43467345 1689.7521301  1557.44589924]
R2: [0.3677448  0.4105298  0.30889628]
