MSE: [1693.30166678 1691.56740502 1560.6777162 ]
R2: [0.36854024 0.41012202 0.30738389]
