MSE: [1693.40613388 1691.55038111 1561.73680678]
R2: [0.36850128 0.40996904 0.30691285]
