MSE: [1693.29307151 1686.41740279 1560.42433992]
R2: [0.36854344 0.41185274 0.30749578]
