MSE: [1691.99450271 1690.79969098 1560.79774648]
R2: [0.3690277  0.41031492 0.30732652]
