MSE: [1697.32510527 1688.98647529 1557.8808302 ]
R2: [0.36703983 0.41074367 0.30862255]
