MSE: [1695.46242853 1697.83773157 1561.36300179]
R2: [0.36773445 0.40796607 0.30707763]
