MSE: [1692.94100271 1690.70623785 1561.43034048]
R2: [0.36867473 0.4104653  0.30705   ]
