MSE: [1692.95206729 1696.07316796 1563.70177496]
R2: [0.36867061 0.40877614 0.30603674]
