MSE: [1693.98275163 1694.27460184 1562.22871746]
R2: [0.36828625 0.40939755 0.30668966]
