MSE: [1692.33058993 1692.68857692 1560.54163252]
R2: [0.36890237 0.41004891 0.3074407 ]
