MSE: [1697.25683068 1692.32025098 1560.18946355]
R2: [0.36706529 0.40960326 0.30759516]
