MSE: [1692.13903355 1695.21364379 1562.69980047]
R2: [0.3689738  0.40913886 0.30648503]
