MSE: [1696.59204106 1692.70990436 1560.25864648]
R2: [0.3673132  0.40959343 0.30756774]
