MSE: [1698.77309915 1692.16610098 1559.72868013]
R2: [0.36649985 0.40966255 0.30780294]
