MSE: [1692.36706502 1697.67353264 1561.84015043]
R2: [0.36888876 0.40774261 0.30686538]
