MSE: [1692.30250099 1702.12362464 1562.96775925]
R2: [0.36891284 0.4062523  0.30636776]
