MSE: [1695.80257184 1692.20024342 1559.96396154]
R2: [0.36760761 0.4097786  0.30769907]
