MSE: [1694.31298055 1694.80578441 1562.08423573]
R2: [0.3681631  0.40883858 0.30675757]
