MSE: [1693.18024982 1694.63666204 1562.36737672]
R2: [0.36858551 0.40910348 0.30662764]
