MSE: [1698.79328297 1691.25325033 1561.22649603]
R2: [0.36649232 0.41012269 0.30713406]
