MSE: [1700.49735376 1693.38788775 1563.61284316]
R2: [0.36585685 0.40943071 0.30607795]
