MSE: [1697.71412227 1692.22575694 1561.71003214]
R2: [0.36689476 0.40999667 0.30692291]
