MSE: [1689.79695472 1689.83422123 1562.82144785]
R2: [0.3698472  0.4106187  0.30643121]
