MSE: [1694.82874993 1696.44202605 1559.7624446 ]
R2: [0.36797076 0.40836073 0.307785  ]
