MSE: [1696.01331654 1694.25816556 1560.01367701]
R2: [0.36752902 0.40916956 0.30767296]
