MSE: [1689.95307294 1690.50521659 1559.72312808]
R2: [0.36978898 0.41039112 0.30780295]
