MSE: [1693.45802823 1697.25770634 1562.98553871]
R2: [0.36848193 0.40812169 0.30635631]
