MSE: [1694.04330225 1695.15367047 1562.91461898]
R2: [0.36826367 0.40887816 0.30638901]
