MSE: [1693.324828   1690.94546535 1560.46842981]
R2: [0.3685316  0.41007141 0.30747272]
