MSE: [1695.39406464 1687.76658836 1560.88038186]
R2: [0.36775995 0.41159234 0.3072926 ]
