MSE: [1693.52338327 1691.43756956 1561.71900678]
R2: [0.36845755 0.41032642 0.30691908]
