MSE: [1694.14016696 1696.99575808 1561.84842758]
R2: [0.36822755 0.40818002 0.30685917]
