MSE: [1698.18017138 1686.4388155  1561.47685147]
R2: [0.36672096 0.4118366  0.30702799]
