MSE: [1698.8120111  1695.20227131 1561.80783524]
R2: [0.36648534 0.40905917 0.30687893]
