MSE: [1695.77128344 1688.69334707 1559.62309792]
R2: [0.36761928 0.41116208 0.30789623]
