MSE: [1693.54821004 1697.85218263 1563.4030638 ]
R2: [0.3684483  0.40810358 0.30617209]
