MSE: [1694.90984506 1695.69232925 1563.28048339]
R2: [0.36794052 0.40844878 0.30622302]
