MSE: [1695.15976025 1688.3975512  1560.08805892]
R2: [0.36784732 0.41122359 0.30764397]
