MSE: [1686.83326842 1694.12052437 1561.06123247]
R2: [0.37095241 0.40912218 0.30721242]
