MSE: [1694.29803648 1689.1018111  1556.92170737]
R2: [0.36816867 0.41083393 0.30904916]
