MSE: [1693.57198542 1693.17601802 1560.6813861 ]
R2: [0.36843943 0.4097383  0.30738354]
