MSE: [1696.27037693 1691.21844157 1561.59222409]
R2: [0.36743316 0.41023177 0.30697254]
