MSE: [1689.88074768 1693.31273178 1560.41302941]
R2: [0.36981595 0.4094244  0.30749765]
