MSE: [1691.74170212 1695.06693926 1561.43853887]
R2: [0.36912197 0.40890421 0.30704445]
