MSE: [1693.2925147  1692.52332631 1562.72419806]
R2: [0.36854365 0.40975852 0.30647033]
