MSE: [1697.25810828 1692.77941893 1563.5875304 ]
R2: [0.36706482 0.40965265 0.30608616]
