MSE: [1700.91542737 1690.62385449 1561.31347923]
R2: [0.36570094 0.41028238 0.30709906]
