MSE: [1694.87305429 1691.28106187 1559.83131109]
R2: [0.36795424 0.41031223 0.30775315]
