MSE: [1692.91578251 1698.98055316 1562.06046086]
R2: [0.36868414 0.4076471  0.3067695 ]
