MSE: [1690.75605165 1689.91202922 1560.34628605]
R2: [0.36948954 0.410694   0.30752495]
