MSE: [1699.85506435 1693.44866697 1560.98166584]
R2: [0.36609637 0.40953651 0.30724488]
