MSE: [1694.64092715 1692.7203461  1562.82786388]
R2: [0.3680408  0.40970661 0.30642757]
