MSE: [1695.15069136 1689.96980909 1560.51469383]
R2: [0.36785071 0.41053049 0.3074556 ]
