MSE: [1690.92537916 1692.83471944 1563.91616801]
R2: [0.36942639 0.40961298 0.30594562]
