MSE: [1700.88364498 1690.46708108 1560.21350578]
R2: [0.36571279 0.41048453 0.30758736]
