MSE: [1695.69598061 1696.46522499 1560.96283829]
R2: [0.36764736 0.4081166  0.30725313]
