MSE: [1693.00058961 1700.93249444 1563.52717464]
R2: [0.36865251 0.40692829 0.30611543]
