MSE: [1702.37912714 1692.82287169 1559.82962521]
R2: [0.3651551  0.40967435 0.30775916]
