MSE: [1693.65791436 1692.19714683 1560.50769784]
R2: [0.36840739 0.40976723 0.30745567]
