MSE: [1695.0765353  1689.65248191 1560.81562388]
R2: [0.36787836 0.41069155 0.3073197 ]
