MSE: [1689.36594498 1688.62023199 1560.33749497]
R2: [0.37000793 0.411039   0.30753039]
