MSE: [1696.54557293 1695.75389523 1563.349554  ]
R2: [0.36733053 0.40863303 0.30619729]
