MSE: [1691.60942071 1693.03660682 1562.28844454]
R2: [0.3691713  0.40959404 0.30666583]
