MSE: [1691.08628971 1694.26312439 1562.22914495]
R2: [0.36936639 0.40943493 0.30669021]
