MSE: [1694.28179474 1692.75005074 1562.35811172]
R2: [0.36817473 0.40971144 0.30663704]
