MSE: [1694.12019491 1695.37774461 1560.03054951]
R2: [0.36823499 0.40899003 0.3076656 ]
