MSE: [1695.79120846 1693.1550278  1560.69219782]
R2: [0.36761185 0.40935104 0.30737398]
