MSE: [1689.35525077 1692.24845679 1561.19798629]
R2: [0.37001192 0.40989651 0.30714969]
