MSE: [1693.35496214 1696.84897781 1562.13011072]
R2: [0.36852036 0.40820223 0.30674308]
