MSE: [1697.21267952 1689.80379015 1558.343007  ]
R2: [0.36708176 0.41076754 0.30841755]
