MSE: [1695.13226225 1694.4648897  1559.57845891]
R2: [0.36785758 0.40940594 0.30786814]
