MSE: [1697.53175651 1692.63620536 1559.92802681]
R2: [0.36696277 0.40956678 0.30771568]
