MSE: [1690.21123446 1691.07644218 1561.72168376]
R2: [0.36969271 0.41020886 0.30692098]
