MSE: [1691.78451311 1693.47167251 1562.5664351 ]
R2: [0.36910601 0.40942741 0.30653896]
