MSE: [1695.56854782 1699.90512625 1563.83047339]
R2: [0.36769488 0.4072871  0.30597983]
