MSE: [1693.9334505  1690.43228514 1561.00818649]
R2: [0.36830463 0.41061376 0.30723401]
