MSE: [1696.06054216 1692.01246747 1560.63227007]
R2: [0.36751141 0.40994811 0.30740043]
