MSE: [1697.69761969 1692.22297772 1563.39030039]
R2: [0.36690091 0.40977206 0.3061779 ]
