MSE: [1695.16431705 1691.48797174 1559.77965742]
R2: [0.36784562 0.41024139 0.30777672]
