MSE: [1699.52308904 1694.20767737 1559.95656428]
R2: [0.36622017 0.4090551  0.30770166]
