MSE: [1693.87265294 1691.02443535 1562.12570867]
R2: [0.36832731 0.41045579 0.30673894]
