MSE: [1701.2708042  1694.63031322 1563.60136839]
R2: [0.36556842 0.40891264 0.30608241]
