MSE: [1694.79146079 1694.82711096 1561.39568685]
R2: [0.36798467 0.40878293 0.3070633 ]
