MSE: [1695.52577703 1690.08726228 1561.26319479]
R2: [0.36771083 0.41055245 0.30711947]
