MSE: [1693.13644496 1698.2951331  1563.18782413]
R2: [0.36860185 0.40782004 0.30626593]
