MSE: [1689.97375075 1688.69217773 1562.83704411]
R2: [0.36978127 0.41126809 0.30642092]
