MSE: [1694.48328593 1697.41377513 1561.13473614]
R2: [0.36809959 0.40798992 0.30717661]
