MSE: [1701.58437563 1690.42124337 1558.70316047]
R2: [0.36545148 0.4103329  0.30825596]
