MSE: [1702.09471628 1696.15240104 1560.80787962]
R2: [0.36526117 0.40831473 0.30732332]
