MSE: [1691.70606367 1689.70267386 1560.17078589]
R2: [0.36913526 0.41065058 0.30760577]
