MSE: [1697.33773904 1694.84508198 1558.40727175]
R2: [0.36703512 0.40901432 0.30838931]
