MSE: [1694.18767473 1690.54175065 1564.69627459]
R2: [0.36820983 0.41069469 0.30559661]
