MSE: [1693.45613364 1691.10710032 1560.85585345]
R2: [0.36848263 0.41001353 0.30730185]
