MSE: [1694.18155197 1693.62922934 1561.94910644]
R2: [0.36821211 0.40927744 0.30681776]
