MSE: [1693.13834324 1694.52000345 1560.2791069 ]
R2: [0.36860114 0.40918261 0.30756281]
