MSE: [1693.31215495 1693.523951   1561.30019171]
R2: [0.36853633 0.40940125 0.30710432]
