MSE: [1695.56995932 1689.65885496 1559.52301302]
R2: [0.36769435 0.41072629 0.30789391]
