MSE: [1696.69905376 1692.36049552 1561.75213093]
R2: [0.3672733  0.40990112 0.30690657]
