MSE: [1694.07692661 1691.8676912  1561.32312796]
R2: [0.36825113 0.40988112 0.30709488]
