MSE: [1692.27433388 1689.71110586 1559.41353814]
R2: [0.36892335 0.41095728 0.30794001]
