MSE: [1694.48120777 1690.73669758 1560.63447507]
R2: [0.36810037 0.41055512 0.30740052]
