MSE: [1697.1967691  1697.04200034 1563.07846852]
R2: [0.36708769 0.40808201 0.30631724]
