MSE: [1691.50846466 1689.20247139 1558.68924015]
R2: [0.36920895 0.41096903 0.30826123]
