MSE: [1695.77777555 1694.03839236 1560.79406141]
R2: [0.36761686 0.40916973 0.30732788]
