MSE: [1696.57475669 1691.94687472 1561.45756942]
R2: [0.36731965 0.40977428 0.3071383 ]
