MSE: [1694.11671001 1693.50857168 1560.94203775]
R2: [0.36823629 0.40944487 0.30726608]
