MSE: [1694.64031546 1694.36388381 1563.67213563]
R2: [0.36804103 0.40894968 0.30605034]
