MSE: [1700.75487483 1697.11213317 1561.83034609]
R2: [0.36576081 0.40804645 0.30686958]
