MSE: [1695.21702374 1692.54787138 1561.66962337]
R2: [0.36782597 0.40964063 0.30693961]
