MSE: [1695.00181864 1698.81924779 1564.38960184]
R2: [0.36790622 0.40746044 0.3057342 ]
