MSE: [1691.22131628 1693.7163375  1561.90624216]
R2: [0.36931603 0.40928358 0.30683492]
