MSE: [1689.06156564 1692.23444238 1560.96169451]
R2: [0.37012144 0.40988992 0.30725607]
