MSE: [1690.21741784 1692.1115713  1560.74451591]
R2: [0.3696904  0.41007262 0.30735061]
