MSE: [1692.84496963 1689.31897791 1560.28511826]
R2: [0.36871055 0.41086564 0.30755586]
