MSE: [1692.70670806 1696.69307331 1560.65457436]
R2: [0.36876211 0.4084021  0.30739343]
