MSE: [1685.77957256 1695.15716205 1560.91996117]
R2: [0.37134535 0.40884699 0.30727241]
