MSE: [1696.89622656 1691.54069711 1564.8350287 ]
R2: [0.36719977 0.40997371 0.30553637]
