MSE: [1693.59088979 1696.91011624 1562.33542781]
R2: [0.36843238 0.40836886 0.3066443 ]
