MSE: [1693.40961377 1692.2373276  1559.6843568 ]
R2: [0.36849998 0.40968185 0.30781941]
