MSE: [1690.63027888 1695.06318339 1561.24553809]
R2: [0.36953644 0.4087279  0.30712872]
