MSE: [1695.02415661 1691.43759061 1561.10833343]
R2: [0.36789789 0.41036021 0.30718921]
