MSE: [1699.62958479 1691.11925928 1560.19633902]
R2: [0.36618045 0.4102364  0.30759332]
