MSE: [1693.39602172 1692.93951773 1563.10561349]
R2: [0.36850505 0.40990317 0.30630173]
