MSE: [1695.50761556 1694.14368129 1560.62574277]
R2: [0.3677176  0.40924697 0.3074022 ]
