MSE: [1692.97856412 1692.17210513 1560.95412207]
R2: [0.36866073 0.41009888 0.30725845]
