MSE: [1695.46204486 1697.54129967 1562.96680849]
R2: [0.3677346  0.40802309 0.3063632 ]
