MSE: [1691.4707772  1692.70948111 1559.93567711]
R2: [0.36922301 0.40958532 0.30771067]
