MSE: [1693.24064075 1696.81328114 1562.48294654]
R2: [0.36856299 0.40833932 0.30657759]
