MSE: [1693.44855396 1696.68148911 1561.01905805]
R2: [0.36848546 0.40842028 0.3072277 ]
