MSE: [1699.52458276 1694.82680595 1562.77258521]
R2: [0.36621961 0.40921556 0.3064519 ]
