MSE: [1700.96777233 1691.52099045 1559.4536973 ]
R2: [0.36568142 0.4098871  0.30792348]
