MSE: [1693.61237962 1691.93871949 1561.02722828]
R2: [0.36842437 0.40985743 0.30722523]
