MSE: [1698.80360308 1695.76290525 1561.58398824]
R2: [0.36648847 0.40881625 0.3069779 ]
