MSE: [1692.09765074 1695.54556864 1560.24370029]
R2: [0.36898923 0.40855557 0.30757635]
