MSE: [1690.31302424 1696.29630854 1563.34358291]
R2: [0.36965475 0.4084674  0.30619827]
