MSE: [1696.67609897 1694.69313902 1563.05530489]
R2: [0.36728186 0.40911839 0.30632872]
