MSE: [1691.23838125 1688.17745673 1561.52396954]
R2: [0.36930967 0.41126906 0.30700997]
