MSE: [1695.3814209  1693.7179462  1561.59678408]
R2: [0.36776466 0.40928787 0.30697429]
