MSE: [1692.50180526 1691.93144947 1561.46284736]
R2: [0.36883852 0.40996054 0.30703571]
