MSE: [1691.07469465 1695.33443773 1560.82792192]
R2: [0.36937071 0.40883456 0.30731187]
