MSE: [1698.0750114  1694.69121896 1563.47769542]
R2: [0.36676018 0.40902836 0.30613555]
