MSE: [1695.30974005 1690.87535815 1563.58718804]
R2: [0.36779139 0.410328   0.30608696]
