MSE: [1690.68367623 1691.99132223 1560.73298069]
R2: [0.36951653 0.41012815 0.30735471]
