MSE: [1693.42434532 1690.0411912  1564.47930935]
R2: [0.36849449 0.41080676 0.30569446]
