MSE: [1688.88267929 1693.2748781  1562.59351628]
R2: [0.37018815 0.40943073 0.30652879]
