MSE: [1701.91435452 1690.17953959 1560.66822852]
R2: [0.36532843 0.41060404 0.30738269]
