MSE: [1703.86747686 1695.83676594 1562.60651927]
R2: [0.36460007 0.40858471 0.3065244 ]
