MSE: [1692.60247822 1690.09456659 1560.65651415]
R2: [0.36880098 0.4104696  0.30739259]
