MSE: [1691.64980604 1691.18349759 1561.76013049]
R2: [0.36915624 0.41003453 0.30689906]
