MSE: [1687.2285803  1692.66757666 1559.42968347]
R2: [0.37080499 0.40979111 0.30793468]
