MSE: [1695.62845941 1696.90197652 1563.61563584]
R2: [0.36767254 0.40813997 0.30607694]
