MSE: [1694.09260355 1689.24369216 1561.54886009]
R2: [0.36824528 0.4110461  0.30699359]
