MSE: [1695.63631892 1696.26112869 1562.26829392]
R2: [0.36766961 0.40838972 0.30667504]
