MSE: [1695.15663487 1695.05635306 1560.36481132]
R2: [0.36784849 0.40885284 0.30751908]
