MSE: [1700.90110166 1693.2691086  1561.73095435]
R2: [0.36570628 0.40940379 0.30691486]
