MSE: [1688.80732422 1688.8086099  1562.32110776]
R2: [0.37021625 0.41132002 0.30665565]
