MSE: [1694.58998759 1685.01592036 1560.55156849]
R2: [0.3680598  0.41239018 0.30743559]
