MSE: [1694.96925762 1691.56051789 1561.29882476]
R2: [0.36791836 0.41000588 0.30710648]
