MSE: [1696.31407263 1690.96093445 1561.08332579]
R2: [0.36741686 0.41034243 0.30720009]
