MSE: [1692.46824327 1692.63496301 1560.30824204]
R2: [0.36885103 0.41002391 0.30754553]
