MSE: [1699.87096246 1693.79467993 1561.7078913 ]
R2: [0.36609044 0.40936177 0.30692625]
