MSE: [1689.90789255 1694.7740881  1562.98349855]
R2: [0.36980583 0.40921655 0.30635661]
