MSE: [1690.86044955 1696.12241943 1562.97666428]
R2: [0.36945061 0.40850985 0.30636294]
