MSE: [1694.72197809 1692.42505174 1562.38190853]
R2: [0.36801058 0.40987189 0.30662231]
