MSE: [1699.57792657 1689.60685007 1560.63587617]
R2: [0.36619972 0.41091089 0.30739878]
