MSE: [1695.07443825 1693.20141428 1561.21704607]
R2: [0.36787914 0.40944654 0.30714332]
