MSE: [1697.08646536 1696.73978137 1562.26286194]
R2: [0.36712882 0.40827729 0.30667771]
