MSE: [1691.91196297 1688.76224277 1561.45133458]
R2: [0.36905848 0.41121734 0.30703648]
