MSE: [1695.38470059 1689.37757919 1561.26820603]
R2: [0.36776344 0.41092452 0.30712096]
