MSE: [1696.25182489 1692.3778736  1560.15790195]
R2: [0.36744007 0.40974806 0.30761239]
