MSE: [1693.54557552 1693.602847   1562.22769218]
R2: [0.36844928 0.40933773 0.30669658]
