MSE: [1689.22948705 1689.49671228 1561.35218855]
R2: [0.37005882 0.41075054 0.30708079]
