MSE: [1695.760061   1692.51012539 1560.87804223]
R2: [0.36762346 0.40990318 0.30729017]
