MSE: [1699.53859629 1695.15458814 1560.89911935]
R2: [0.36621438 0.40874398 0.30728246]
