MSE: [1691.8371415  1691.07098533 1559.72955761]
R2: [0.36908638 0.41012626 0.30780283]
