MSE: [1697.20517814 1690.40581098 1560.5686614 ]
R2: [0.36708455 0.41062908 0.30742757]
