MSE: [1705.52282697 1695.55904169 1563.7726142 ]
R2: [0.36398277 0.40851643 0.30600771]
