MSE: [1697.31141543 1701.30778037 1561.9081845 ]
R2: [0.36704494 0.4066915  0.30683371]
