MSE: [1692.11091402 1693.87695089 1561.9438432 ]
R2: [0.36898429 0.40944114 0.30681744]
