MSE: [1697.42999791 1694.75156256 1561.72344268]
R2: [0.36700071 0.40878289 0.3069219 ]
