MSE: [1696.46472185 1693.45662295 1562.27367305]
R2: [0.36736068 0.40973544 0.3066728 ]
