MSE: [1696.16681808 1687.8570753  1562.49571619]
R2: [0.36747178 0.41118927 0.30657615]
