MSE: [1692.4505067  1689.49448177 1561.86549055]
R2: [0.36885765 0.41067514 0.30685305]
