MSE: [1695.26841299 1692.18950816 1561.66840571]
R2: [0.3678068  0.40972001 0.30694147]
