MSE: [1690.84154941 1693.6864848  1561.961485  ]
R2: [0.36945765 0.40949848 0.30681181]
