MSE: [1694.38990012 1688.34098501 1558.85881609]
R2: [0.36813442 0.41124291 0.30819125]
