MSE: [1690.62370287 1699.41615682 1564.61616116]
R2: [0.36953889 0.40739968 0.30563593]
