MSE: [1686.28977517 1692.42685716 1561.26045424]
R2: [0.37115509 0.40977634 0.30712157]
