MSE: [1688.82055973 1694.14769678 1561.27897007]
R2: [0.37021131 0.40924172 0.30711512]
