MSE: [1695.43192415 1692.90163373 1561.01527998]
R2: [0.36774583 0.40969442 0.30723155]
