MSE: [1698.23412681 1692.68168925 1562.05720559]
R2: [0.36670084 0.40952947 0.30677044]
