MSE: [1698.34151456 1691.71174864 1561.75076959]
R2: [0.3666608  0.41010077 0.30690248]
