MSE: [1696.7638181  1692.20062343 1563.37782208]
R2: [0.36724914 0.40975331 0.30618114]
