MSE: [1691.10318299 1696.7845099  1560.29195332]
R2: [0.36936009 0.40843866 0.30755067]
