MSE: [1688.91030696 1694.29727638 1563.92865365]
R2: [0.37017785 0.4090546  0.30593539]
