MSE: [1694.63864451 1692.92329758 1558.14005505]
R2: [0.36804166 0.40939839 0.30850678]
