MSE: [1699.99085576 1693.52513224 1563.21186228]
R2: [0.36604573 0.40960217 0.30625701]
