MSE: [1696.86605136 1691.69694693 1561.9952613 ]
R2: [0.36721102 0.40994792 0.30679522]
