MSE: [1690.99733647 1693.96872969 1560.75930795]
R2: [0.36939956 0.4091338  0.30734494]
