MSE: [1695.15735844 1693.39226543 1563.10773395]
R2: [0.36784822 0.40953186 0.30630513]
