MSE: [1695.51847355 1694.84282651 1564.8420516 ]
R2: [0.36771355 0.40891464 0.30553278]
