MSE: [1694.82927646 1691.97402093 1563.16547692]
R2: [0.36797057 0.40994601 0.30627375]
