MSE: [1702.79847317 1691.07503745 1560.64294619]
R2: [0.36499872 0.41013952 0.30739865]
