MSE: [1698.7981917  1696.60765947 1563.26451756]
R2: [0.36649049 0.40812878 0.30623418]
