MSE: [1693.55383136 1690.06453807 1559.30223617]
R2: [0.3684462  0.41030034 0.30799305]
