MSE: [1699.53681456 1689.54895699 1560.75818648]
R2: [0.36621505 0.41069591 0.30734374]
