MSE: [1692.30818498 1691.82186179 1561.19159966]
R2: [0.36891072 0.40989261 0.30715212]
