MSE: [1690.48092306 1690.36013775 1560.11562722]
R2: [0.36959214 0.4103908  0.30762863]
