MSE: [1698.99323163 1689.10536991 1560.81866353]
R2: [0.36641776 0.41112361 0.30731443]
