MSE: [1697.18699957 1694.23887317 1562.54366779]
R2: [0.36709133 0.40926417 0.30655119]
