MSE: [1701.1680689  1695.91644704 1564.60390035]
R2: [0.36560673 0.40860136 0.30563828]
