MSE: [1693.81864615 1695.76323327 1561.77217288]
R2: [0.36834745 0.40885424 0.30689887]
