MSE: [1694.44048791 1692.24073261 1560.61353537]
R2: [0.36811555 0.40973859 0.30741161]
