MSE: [1695.64040834 1688.81481943 1560.88408891]
R2: [0.36766808 0.41084311 0.30728772]
