MSE: [1693.09892891 1690.88550042 1560.20413675]
R2: [0.36861584 0.41019278 0.3075912 ]
