MSE: [1692.69252477 1691.79254245 1561.87274906]
R2: [0.3687674  0.40992386 0.30685088]
