MSE: [1692.637387   1696.06914292 1560.4795754 ]
R2: [0.36878796 0.40843258 0.30746998]
