MSE: [1697.53834508 1694.14471775 1563.00428923]
R2: [0.36696031 0.40897547 0.30634639]
