MSE: [1693.59951909 1689.20507958 1559.82345607]
R2: [0.36842916 0.41082928 0.30776002]
