MSE: [1698.95293685 1694.55737341 1561.6821606 ]
R2: [0.36643279 0.40898685 0.30693644]
