MSE: [1692.97030447 1690.1908369  1559.55006168]
R2: [0.36866381 0.41040421 0.30788177]
