MSE: [1691.82534809 1692.45249504 1560.08696466]
R2: [0.36909078 0.40972309 0.30764429]
