MSE: [1699.67521054 1693.36442917 1560.0409791 ]
R2: [0.36616344 0.40964488 0.30766367]
