MSE: [1690.02523245 1690.01750875 1562.21934574]
R2: [0.36976207 0.41053853 0.30669663]
