MSE: [1690.83832663 1695.14046583 1561.61273749]
R2: [0.36945886 0.40879601 0.30696627]
