MSE: [1701.11052542 1696.3571366  1560.52638306]
R2: [0.36562819 0.40838619 0.30744838]
