MSE: [1694.48601064 1695.79204032 1561.70352199]
R2: [0.36809858 0.40856738 0.30692513]
