MSE: [1691.50593945 1692.73785021 1562.34054527]
R2: [0.36920989 0.40953875 0.30664102]
