MSE: [1692.48066548 1691.6505933  1561.07309659]
R2: [0.3688464  0.41014772 0.30720994]
