MSE: [1703.87678185 1691.42861303 1560.42783235]
R2: [0.3645966  0.41015231 0.30748873]
