MSE: [1692.67583815 1691.05770729 1560.75945953]
R2: [0.36877362 0.41032507 0.3073442 ]
