MSE: [1692.48526422 1694.37550573 1565.9807222 ]
R2: [0.36884469 0.40893554 0.3050313 ]
