MSE: [1689.69203821 1689.67099448 1561.00254045]
R2: [0.36988633 0.41064723 0.30723468]
