MSE: [1694.03712503 1692.36912692 1562.24458534]
R2: [0.36826597 0.40987927 0.30668206]
