MSE: [1695.51736188 1696.50351351 1560.17254801]
R2: [0.36771397 0.40845814 0.30760669]
