MSE: [1693.87054577 1690.99837884 1560.09586773]
R2: [0.36832809 0.41033032 0.30763989]
