MSE: [1690.50357748 1687.54675595 1560.48302113]
R2: [0.36958369 0.41171142 0.30746915]
