MSE: [1695.11766259 1695.43598207 1560.64335537]
R2: [0.36786302 0.40874962 0.30739893]
