MSE: [1695.64709835 1687.51405089 1559.69591727]
R2: [0.36766559 0.41144396 0.30781625]
