MSE: [1695.62218539 1695.22936303 1563.76711662]
R2: [0.36767488 0.40900697 0.30600909]
