MSE: [1694.95121046 1689.22019135 1561.20926298]
R2: [0.36792509 0.41094179 0.30714618]
