MSE: [1695.021231   1692.48076945 1562.64819869]
R2: [0.36789898 0.40976569 0.3065039 ]
