MSE: [1690.84586186 1691.51284473 1562.39685215]
R2: [0.36945605 0.41021631 0.30661645]
