MSE: [1689.45933805 1693.380485   1563.11671405]
R2: [0.3699731  0.40956313 0.30629809]
