MSE: [1692.71244345 1693.32832771 1563.30560774]
R2: [0.36875997 0.40965239 0.30621648]
