MSE: [1696.54848894 1696.05014293 1561.2933075 ]
R2: [0.36732944 0.40860863 0.30710945]
