MSE: [1698.20928054 1694.52510587 1561.75488847]
R2: [0.36671011 0.4090265  0.30690075]
