MSE: [1698.88695112 1691.90148969 1559.08277448]
R2: [0.36645739 0.40989297 0.30808783]
