MSE: [1693.06397501 1693.8367995  1560.21217209]
R2: [0.36862888 0.40944025 0.30758709]
