MSE: [1688.61470622 1696.93657105 1560.9578848 ]
R2: [0.37028808 0.40804373 0.30725671]
