MSE: [1694.85264144 1693.27426918 1561.22774878]
R2: [0.36796185 0.40969532 0.30713481]
