MSE: [1692.25706104 1691.40508309 1560.72042848]
R2: [0.36892979 0.41020676 0.30736167]
