MSE: [1693.28184253 1693.82651102 1562.56644975]
R2: [0.36854763 0.40914422 0.30654015]
