MSE: [1697.05821862 1693.04620018 1559.99545373]
R2: [0.36713936 0.40962127 0.3076819 ]
