MSE: [1692.50205253 1691.85022807 1561.82036397]
R2: [0.36883843 0.4101748  0.30687236]
