MSE: [1691.97113839 1693.89106433 1562.45409831]
R2: [0.36903641 0.40934119 0.30659218]
