MSE: [1692.35692772 1696.62930124 1562.60257244]
R2: [0.36889255 0.4084358  0.30652745]
