MSE: [1690.25487176 1691.18133812 1560.66424219]
R2: [0.36967644 0.41030379 0.30738461]
