MSE: [1692.25389433 1691.9793273  1560.59329478]
R2: [0.36893097 0.4098652  0.30741383]
