MSE: [1693.11627749 1689.96179614 1559.71818487]
R2: [0.36860937 0.41068994 0.30780636]
