MSE: [1698.46814911 1692.66554604 1559.96275791]
R2: [0.36661357 0.40960098 0.30769836]
