MSE: [1692.01828548 1687.91769172 1560.80334115]
R2: [0.36901883 0.41131319 0.30732509]
