MSE: [1692.66273624 1697.28834434 1562.84581917]
R2: [0.3687785  0.40813734 0.30641709]
