MSE: [1694.95080425 1697.45945785 1560.94772053]
R2: [0.36792525 0.40804623 0.30725954]
