MSE: [1690.19693988 1690.54853975 1560.0715089 ]
R2: [0.36969804 0.41041147 0.30765048]
