MSE: [1697.34326719 1699.26673724 1561.54522023]
R2: [0.36703306 0.40730257 0.30699748]
