MSE: [1691.77725793 1692.731285   1562.76666186]
R2: [0.36910871 0.40948338 0.3064556 ]
