MSE: [1693.14414404 1695.48001183 1560.67433527]
R2: [0.36859898 0.40864028 0.30738746]
