MSE: [1695.25834746 1691.24660948 1562.26693118]
R2: [0.36781056 0.41036893 0.30668001]
