MSE: [1701.8062628  1692.52458361 1562.40898606]
R2: [0.36536873 0.40978035 0.30661029]
