MSE: [1693.63803506 1697.97868586 1564.06574615]
R2: [0.3684148  0.40791429 0.30587449]
