MSE: [1695.61813325 1688.19151172 1559.56160226]
R2: [0.36767639 0.41120129 0.30787638]
