MSE: [1695.43358026 1694.12383392 1561.23970205]
R2: [0.36774521 0.40911416 0.30713461]
