MSE: [1693.47119169 1689.95877085 1560.21614777]
R2: [0.36847702 0.41050545 0.30758511]
