MSE: [1702.17650928 1691.46840206 1561.8839125 ]
R2: [0.36523066 0.41018365 0.30684477]
