MSE: [1693.14878318 1693.79778396 1560.81592166]
R2: [0.36859725 0.4094043  0.30731816]
