MSE: [1690.13289435 1692.92536187 1562.51129834]
R2: [0.36972192 0.40956094 0.30657006]
