MSE: [1691.99188069 1692.49796441 1560.15911281]
R2: [0.36902868 0.40968005 0.30761195]
