MSE: [1701.57514218 1693.5456017  1563.29342854]
R2: [0.36545492 0.40942049 0.30622169]
