MSE: [1688.94651753 1696.18929987 1559.95786296]
R2: [0.37016434 0.4086297  0.30770414]
