MSE: [1695.66562351 1691.38503524 1563.07099536]
R2: [0.36765868 0.41011253 0.30631868]
