MSE: [1689.09928924 1691.21586543 1562.25104013]
R2: [0.37010737 0.41031907 0.30667919]
