MSE: [1690.62699316 1683.47651572 1557.36010548]
R2: [0.36953767 0.41264528 0.30885195]
