MSE: [1690.7009082  1694.18475809 1560.27430807]
R2: [0.3695101  0.40911363 0.30755923]
