MSE: [1704.21699391 1693.20251635 1559.69821047]
R2: [0.36446973 0.40945821 0.3078633 ]
