MSE: [1690.05414629 1694.31054638 1557.74402707]
R2: [0.36975129 0.40915959 0.30868225]
