MSE: [1690.46352368 1689.45223631 1561.82598807]
R2: [0.36959863 0.41105337 0.3068707 ]
