MSE: [1694.44220332 1693.07401386 1561.41370077]
R2: [0.36811491 0.40973225 0.30705243]
