MSE: [1701.19748824 1688.66156673 1560.48621562]
R2: [0.36559576 0.41117064 0.30746547]
