MSE: [1695.71198394 1694.59171765 1561.72424853]
R2: [0.36764139 0.40906237 0.30691708]
