MSE: [1695.95371364 1689.04313439 1560.90802316]
R2: [0.36755125 0.41094638 0.30727545]
