MSE: [1694.09510805 1690.92217885 1559.71994401]
R2: [0.36824435 0.41032359 0.30780878]
