MSE: [1692.16726508 1694.40928598 1561.81400468]
R2: [0.36896327 0.4090851  0.30687486]
