MSE: [1690.42720109 1690.37855077 1560.0277166 ]
R2: [0.36961217 0.41050501 0.30766877]
