MSE: [1696.14434723 1690.23789473 1560.3974458 ]
R2: [0.36748015 0.41059212 0.30750388]
