MSE: [1694.80253244 1694.68184762 1560.96685216]
R2: [0.36798054 0.40892915 0.30725159]
