MSE: [1693.81346527 1687.5983883  1559.7405335 ]
R2: [0.36834938 0.4115896  0.30780045]
