MSE: [1699.99538513 1692.62594693 1560.80814159]
R2: [0.36604404 0.40982584 0.30732299]
