MSE: [1698.49136069 1691.6256693  1561.07390653]
R2: [0.36660492 0.40995954 0.30720485]
