MSE: [1694.66710236 1691.90682597 1559.17452196]
R2: [0.36803104 0.41013389 0.30804667]
