MSE: [1694.075726   1693.99442193 1561.41838192]
R2: [0.36825158 0.4093692  0.30705314]
