MSE: [1693.10006885 1689.9470053  1562.24321324]
R2: [0.36861542 0.4105268  0.30668767]
