MSE: [1690.19050529 1693.06613351 1559.97594117]
R2: [0.36970044 0.409598   0.30769319]
