MSE: [1698.84363839 1690.69952735 1561.54243977]
R2: [0.36647355 0.41042134 0.30699509]
