MSE: [1694.8732861  1694.64287203 1560.84950938]
R2: [0.36795415 0.40895423 0.30730418]
