MSE: [1697.60296635 1694.39104609 1560.52129045]
R2: [0.36693621 0.40929407 0.30745076]
