MSE: [1694.7010126  1688.43135788 1560.32628535]
R2: [0.3680184  0.41125847 0.30753332]
