MSE: [1690.33254454 1692.00977248 1563.02825934]
R2: [0.36964747 0.40997975 0.3063371 ]
