MSE: [1695.32669819 1695.48019499 1564.33542818]
R2: [0.36778507 0.4086803  0.30575749]
