MSE: [1693.87323445 1690.24198843 1562.72919158]
R2: [0.36832709 0.410502   0.30647164]
