MSE: [1689.81245723 1685.59934552 1559.10768239]
R2: [0.36984142 0.4122595  0.30807836]
