MSE: [1693.76971737 1697.22303285 1561.29839181]
R2: [0.36836569 0.40827044 0.30710499]
