MSE: [1698.8486938  1693.34908423 1560.99592427]
R2: [0.36647166 0.40947882 0.30723814]
