MSE: [1695.49529282 1689.20569734 1561.68443881]
R2: [0.3677222  0.41087715 0.30693362]
