MSE: [1692.10320869 1691.00641872 1559.44461352]
R2: [0.36898716 0.41022583 0.30793071]
