MSE: [1699.42289532 1697.17189018 1561.54565405]
R2: [0.36625753 0.4080967  0.30699464]
