MSE: [1687.8507902  1695.5015419  1561.62592221]
R2: [0.37057296 0.40870177 0.30696326]
