MSE: [1691.29890077 1693.8251463  1560.28270657]
R2: [0.3692871  0.40931124 0.30755599]
