MSE: [1694.91902411 1694.31185158 1562.93206077]
R2: [0.3679371  0.40906226 0.30638375]
