MSE: [1694.83583992 1693.87225041 1559.79081526]
R2: [0.36796812 0.4094178  0.30777313]
