MSE: [1696.87530306 1689.56114043 1559.26733598]
R2: [0.36720757 0.41059499 0.30800668]
