MSE: [1689.87006367 1692.71790588 1559.56472738]
R2: [0.36981994 0.40960438 0.3078714 ]
