MSE: [1693.13959267 1696.19744715 1563.41856939]
R2: [0.36860068 0.40842683 0.30616353]
