MSE: [1695.15667198 1691.90718643 1560.30508097]
R2: [0.36784847 0.40989791 0.30754584]
