MSE: [1694.59876386 1693.98486852 1562.82803384]
R2: [0.36805653 0.40939516 0.30643327]
