MSE: [1702.65334812 1693.70519716 1559.71354922]
R2: [0.36505284 0.40936806 0.30780822]
