MSE: [1692.25778308 1688.82223489 1558.84866233]
R2: [0.36892952 0.41116046 0.30819227]
