MSE: [1695.80079455 1690.97659986 1559.39186914]
R2: [0.36760827 0.41016108 0.30794874]
