MSE: [1693.61393336 1691.99436995 1560.36884581]
R2: [0.36842379 0.40996512 0.30752234]
