MSE: [1694.96416539 1695.89712563 1562.48724404]
R2: [0.36792026 0.40866703 0.30657635]
