MSE: [1690.0746659  1694.40297449 1562.32639549]
R2: [0.36974364 0.40900604 0.30665151]
