MSE: [1705.85608557 1693.47970226 1560.2734337 ]
R2: [0.36385849 0.40922827 0.30755935]
