MSE: [1691.47043336 1695.81727343 1564.4132441 ]
R2: [0.36922313 0.40862127 0.30572016]
