MSE: [1694.56516054 1692.76537464 1563.29149628]
R2: [0.36806906 0.40983902 0.30621874]
