MSE: [1696.19617577 1693.20739765 1561.59556595]
R2: [0.36746083 0.40928977 0.30696995]
