MSE: [1695.71974363 1700.5081599  1562.3140678 ]
R2: [0.3676385  0.4068666  0.30665592]
