MSE: [1690.43075318 1690.50683133 1560.66016805]
R2: [0.36961085 0.41045788 0.30739115]
