MSE: [1695.42481501 1696.06727161 1563.23472083]
R2: [0.36774848 0.40867528 0.30624636]
