MSE: [1694.59499826 1690.04203518 1558.00697992]
R2: [0.36805793 0.41060179 0.30856556]
