MSE: [1695.85159365 1696.55558701 1563.2478659 ]
R2: [0.36758933 0.40839035 0.30624106]
