MSE: [1695.08967396 1689.41879443 1561.78032809]
R2: [0.36787346 0.41065023 0.30689024]
