MSE: [1699.09905683 1695.03834337 1564.13397537]
R2: [0.3663783  0.4088192  0.30584532]
