MSE: [1697.4371698  1693.89210887 1561.58283003]
R2: [0.36699804 0.40932877 0.30697943]
