MSE: [1698.41178969 1693.88435927 1562.60935516]
R2: [0.36663459 0.40946603 0.30652334]
