MSE: [1698.81761962 1690.43994095 1559.36829236]
R2: [0.36648325 0.41036094 0.30801242]
