MSE: [1694.99218165 1691.17539656 1561.24335655]
R2: [0.36790982 0.41018373 0.307133  ]
