MSE: [1696.3567759  1693.31206632 1561.97381305]
R2: [0.36740094 0.40929627 0.30680431]
