MSE: [1699.82311365 1695.00033834 1561.44302097]
R2: [0.36610828 0.40898311 0.30703836]
