MSE: [1696.62353667 1692.32196192 1562.25902696]
R2: [0.36730146 0.40979693 0.30667894]
