MSE: [1693.93605175 1692.31759006 1559.77301649]
R2: [0.36830366 0.40992511 0.30777973]
