MSE: [1696.52066973 1687.77856854 1559.53624586]
R2: [0.36733982 0.41176683 0.30789004]
